Mag (V/m)	x_rel (mm)	y_rel (mm)	x_field (V/m)	y_field (V/m)	z_field (V/m)	x (m)	y (m)	z (m)	rx (rad)	ry (rad)	rz (rad)
22.024487184518225 5.0 5.0 3.8356673019942757 16.56754298474865 13.995792637000783 0.19524869550669505 0.6016669120780654 0.21099854391339648 -2.2720735968953996 0.8306602499984158 1.0629495207284108
32.30317538406761 1.0 1.0 2.221528677253575 29.33247054746887 13.34788829035675 0.09323996734064696 0.4323044911220459 0.2217573921406471 -2.4971832816246917 0.6601498135285511 1.1558858712403022
38.78137761772241 0.0 5.0 2.79997478254837 35.339742590977075 15.724439091711837 0.09126154534525785 0.4290265051254393 0.22334507885727248 -2.5297907329478493 0.662134470025239 1.123483454504694
53.485392934077794 -10.0 -10.0 3.6611237274127686 50.428695768589165 17.442192334805586 0.09297524113454768 0.44475718780622003 0.23224365107199696 -2.4496916232670136 0.6560568014899796 1.1920654628621978
62.437907624785005 -10.0 -15.0 3.285365027953335 58.59782082476759 21.307136827427595 0.09692958279274926 0.44992844198288445 0.23159202921893066 -2.362646706323279 0.6551403361205519 1.257334070451646
64.50586134306299 -15.0 -10.0 3.978322624915544 60.66206316115578 21.570655755783147 0.09005159873032988 0.4461806863055697 0.2359902993699155 -2.4741164938270908 0.6505175486483972 1.1929139568505462
65.12190564291605 -15.0 -20.0 4.036882420915918 62.33102537434437 18.423068437895992 0.09368599332740256 0.4562953977859243 0.23489623885884742 -2.4628210889314035 0.6503101641236271 1.2024988697533792
78.55178780404026 -20.0 -20.0 3.6806436596890326 74.80433155293937 23.688567081596087 0.09342999785842906 0.45603686948651334 0.24092370594203283 -2.3776994589097353 0.6533615389014279 1.2462995834118533
97.8281425450733 -30.0 -30.0 4.271121603485147 94.27560976163397 25.772318447115502 0.0961987864640026 0.47157389543087297 0.24539903168695829 -2.340341678302863 0.6841850548261681 1.2423458978162962
105.91093650937357 -35.0 -35.0 4.598080458674483 102.1763758639281 27.494951240207826 0.09088786168399854 0.47444092333556653 0.2520673762111525 -2.4154967545109223 0.6464333133097578 1.2408984495566426
120.8795371436717 -40.0 -40.0 4.485840852168334 117.13368818229024 29.52014269496884 0.08829601150949304 0.48202678417428335 0.2546125198785999 -2.4047467693191815 0.6459189064654961 1.2483972600457323
128.06275555232537 -70.0 -70.0 4.319921432899385 124.90760037026281 27.91950945505557 0.07487546902725581 0.5239318181896163 0.2714035318571105 -2.407380049355509 0.6412173126353338 1.2558883896068092
133.14724415262853 -50.0 -50.0 4.964079171936635 128.2992349835182 35.25411814325239 0.08358801148796648 0.49547576841968255 0.2606722799507057 -2.420819324330182 0.6427346649506517 1.240898461534236
136.4729915822887 -60.0 -60.0 4.64688028742791 132.0617556632345 34.102443111277374 0.08013534414164426 0.509793828801071 0.26617756292454575 -2.402963216316516 0.6440911540584099 1.2533450058183555
152.5684904821273 -60.0 -50.0 5.212958293820341 148.9858096699469 32.453010196470466 0.07397584694236008 0.5011190885339251 0.26507726243993707 -2.412195425704487 0.6407911806284695 1.2535721519661638
154.1629952947424 -60.0 -40.0 6.18895482604539 150.31318868750898 33.673004959481275 0.06923389868660323 0.4926009609646505 0.26453594969775357 -2.374470067905309 0.6414131558161048 1.2732750943816034
166.1760940711229 0.0 0.0 17.030014947376873 41.80304964086016 159.9280396689417 -0.01400519563619533 0.5610073489589741 0.23602607664475184 -2.667995610445799 0.407927084407318 -0.5919578204429057
