Mag (V/m)	x_rel (mm)	y_rel (mm)	x_field (V/m)	y_field (V/m)	z_field (V/m)	x (m)	y (m)	z (m)	rx (rad)	ry (rad)	rz (rad)
138.3632322514432 -1.0 7.0 8.029091132923238 128.5775840652119 50.47497013965822 -0.009618964604265395 -0.53181515988145 0.22070659535974724 2.4799151430470636 -0.9189947447693005 0.7120846187259422
138.38283099262597 0.0 0.0 7.038106427288025 130.11651018186984 46.582901901268585 -0.004352592853237899 -0.5271268939304649 0.2203682670132478 2.479846952184353 -0.9189898733179728 0.7118554439609428
139.2498755966061 -1.0 6.0 6.805477542246781 129.53493926710198 50.64496853746142 -0.008995846852955652 -0.5310309757067312 0.22064230059049775 2.4798913979629593 -0.9190452268546301 0.712069088022825
139.70341340413012 1.0 0.0 7.545938599318638 129.16810222768174 52.684949409862334 -0.0035960034356043655 -0.5278107668080563 0.22071215188154736 2.4797389901313247 -0.9190025318352129 0.7120176160747477
139.92454096928583 -1.0 1.0 7.41172956363396 131.12754884514777 48.26499108260862 -0.005543989343179866 -0.5275862080767869 0.21967584610301732 2.4798568454166126 -0.918940014266785 0.7119818164701309
140.4576055993638 -1.0 0.0 5.810168452145057 125.46394281361876 62.875909273147975 -0.004935573172445723 -0.5267270849944024 0.21965040601629485 2.479899047889059 -0.9190018893065591 0.7119861180243043
140.49116434072903 2.0 0.0 7.3312041425206775 137.55167051411777 27.632564890179804 -0.002953787225147622 -0.5282524128382543 0.22134005308635935 2.479823498206602 -0.9187944453160235 0.7119388680966998
140.81018273468658 0.0 7.0 7.530205986218434 134.89433886869702 39.677712897268634 -0.008955540153932892 -0.5323638129548471 0.22122955824827545 2.4799127702869375 -0.9188526412662279 0.7120172123667493
140.93599372621895 0.0 1.0 9.203344430211343 129.33809988018103 55.22597847281691 -0.004812850218135774 -0.5281224835873072 0.22007258891151624 2.479962976108693 -0.9191101539469226 0.7120784346720112
141.19442565856394 -1.0 2.0 7.814356672549396 128.20179977905397 58.64384196364765 -0.00631479306920054 -0.528238320603269 0.21993358836129437 2.4798360055186053 -0.9189424553085135 0.7117840598900216
141.73749324177166 3.0 0.0 9.22802523267541 138.31218630040038 29.565176501582172 -0.0022221386838735535 -0.5287875465006227 0.22184077269012015 2.4798107160884855 -0.9188986058545597 0.7119816256657246
141.80761813325003 -1.0 3.0 7.78967665970113 131.60175281829086 52.24653245256036 -0.0068855923714669295 -0.529009347850006 0.219930421012885 2.47990464833324 -0.9190528039310258 0.7120319082957635
141.9548193371782 0.0 4.0 7.465413177833429 134.76013019904104 43.99029038177218 -0.006956102731658517 -0.530219253113846 0.22074747756363133 2.4798541212170337 -0.9189632206408404 0.7119600102944968
141.97639354220382 0.0 5.0 8.932765337809752 138.8758627055196 28.124665055214955 -0.0076675800538080485 -0.5308156555527602 0.22111958434237797 2.47983866872259 -0.9189236194842895 0.712003821960164
142.0076320830547 -1.0 5.0 9.147499806502331 129.8391455919598 56.78280628038845 -0.008242081599419734 -0.5303781744994359 0.22046115547183728 2.4798333172403093 -0.9187811549781721 0.7119220981463992
142.4137343625796 0.0 6.0 9.335392467923873 134.59907979536058 45.58080627640722 -0.008236132409164001 -0.5316576771678612 0.22104219417957113 2.4798962988455395 -0.9188544978345401 0.7120560248277872
142.6340464181137 0.0 2.0 8.986448954832657 132.1922709720827 52.810211399219625 -0.005610725721904165 -0.5287856428275418 0.22042294021013736 2.479855758466461 -0.918957791871276 0.7118918342533779
142.7241468572912 -1.0 4.0 6.892787964813271 129.61546447078595 59.3506776729312 -0.007513797513139922 -0.5297297484575125 0.22013675980988126 2.479969081363938 -0.918849183806322 0.7121112191614879
142.76412033762395 1.0 7.0 8.628558176569832 136.67484054636563 40.33769950300403 -0.008284703192902441 -0.5328185807054835 0.22182998433544393 2.479887094606615 -0.9189212098824767 0.7119552572915036
142.78298324969896 0.0 3.0 8.60171636837926 132.05806230090488 53.60651977634903 -0.006206737448846693 -0.5295311172795042 0.22055825469222792 2.479895602980166 -0.9187571619859416 0.7119371184238262
142.91035657223657 4.0 0.0 9.283869807682771 137.3548311338295 38.35140337973274 -0.0015794802232461658 -0.5292680974775046 0.2224189543923791 2.479887612801786 -0.918751525317768 0.7119206171963915
143.56137920633242 1.0 2.0 9.102763458725857 140.28058009193705 29.12675996585436 -0.0049606446315561825 -0.5291580591488662 0.22111012167467592 2.4799021963884553 -0.9190528386460152 0.712072966141405
143.6116123119904 1.0 1.0 7.366993218543486 133.8833002221936 51.432329554292366 -0.004335347300992241 -0.5284274270280119 0.22101606711602184 2.4798101280809983 -0.9189082373600328 0.7118989378985966
143.83982791242448 3.0 7.0 7.744940336836592 139.8600596010552 32.69672340532018 -0.007017804758892972 -0.533777742383015 0.22311300638894221 2.479806569547725 -0.918751930908149 0.7119185565081911
144.82644763645342 2.0 7.0 8.467507327800933 140.65636435997462 33.44829472009129 -0.007437757973262772 -0.5335738368990817 0.2219676574623805 2.4799932791245074 -0.9189080793496645 0.7119834697159533
144.8853617409782 5.0 0.0 8.556980021450467 141.33635493928722 30.7014806190586 -0.0009297973018148609 -0.5297712999157373 0.22298176921631385 2.479823920913366 -0.9189743313882693 0.7119847461004678
145.5398575578273 1.0 6.0 7.760673057704553 137.51588153589316 47.02131875065055 -0.007706603971671604 -0.5320414145648336 0.22175058681487336 2.479922220600779 -0.9190192244115122 0.7117964294568371
145.70921259307855 1.0 5.0 7.798623924266556 135.31485936650085 53.48125778258132 -0.0069188964732581695 -0.531377301542835 0.22148306217032335 2.4798993095390407 -0.9188685721153216 0.7120305577499824
145.8061355169901 4.0 6.0 9.96170134821545 142.32055182835907 30.084118533192978 -0.005697437391273014 -0.5334270139640857 0.22356333616825244 2.4800011350050655 -0.9188425529036555 0.7120030996699623
146.33602585374527 2.0 6.0 9.201183423925984 143.0631731159003 29.368336423386648 -0.007000343078680825 -0.532570247501808 0.2223014290605963 2.4798322499455456 -0.9190403126950354 0.7120725729355606
146.73382907313194 5.0 3.0 10.328539413036177 143.1615928045201 30.477798702157642 -0.002636638119823516 -0.5325074989136831 0.22264046643777236 2.4797741099650503 -0.9189065040003794 0.7119159006709646
146.7633450647254 5.0 6.0 9.049079841485943 143.46579911467055 29.583071054220607 -0.005011831637904793 -0.533973012241013 0.2240909195845408 2.479907985663842 -0.9188671237030434 0.7120571807579474
146.79144236038024 4.0 3.0 9.131766316735497 139.20691075251807 45.67027909831337 -0.0036672815071688777 -0.5312937126474816 0.22300851418596906 2.479958018123292 -0.9190893446104199 0.7119881658556473
146.8426263326576 4.0 2.0 10.84748107376399 140.11058244674615 42.59241421967519 -0.002998919528885577 -0.5306562918167395 0.22278056119194134 2.47989997084791 -0.9190276124808613 0.7119558087491352
146.84448931561806 5.0 2.0 10.133859891044603 143.17948729335788 30.987793475568946 -0.0023170076517836577 -0.5311446473246544 0.22335862217207153 2.4798982552879565 -0.918819721054817 0.711847463132295
147.25130214737632 1.0 4.0 11.860681781830252 133.8385639988016 60.245406451502745 -0.005999704322623492 -0.5312093146667296 0.22066159061934937 2.4797324053540613 -0.918806271378402 0.7119755044683538
147.26897856205065 5.0 1.0 8.664347254196121 142.47265498373903 36.2577400737125 -0.0016358365105465858 -0.530461611664142 0.2231585644363588 2.479851472099628 -0.9188722251665089 0.7119275024718195
147.31021626598556 5.0 4.0 8.022305537592239 143.9578975571611 30.200433127934836 -0.003679552078603071 -0.5325436996466656 0.2237499672337863 2.4798774921301985 -0.9189003779316637 0.7118825812306452
147.48972417376078 4.0 7.0 8.362301586868018 143.26001249311938 34.05670961049486 -0.006347213636223176 -0.5342378949054019 0.22369899681012678 2.479759113235611 -0.9187848025239702 0.7119551683414211
147.51944556340447 4.0 5.0 9.827492301286169 142.17739591736466 38.091932276524886 -0.004967573161867182 -0.5328057618513675 0.22322802960799076 2.4799569711865477 -0.9189665612379653 0.7120084493716151
147.56850893599665 5.0 5.0 10.098070835350482 144.27999835562508 29.287810937289052 -0.004349957037684649 -0.533211389075085 0.2239378519527703 2.4799240064328387 -0.918923351499677 0.7121012209804455
147.6320842038741 3.0 6.0 9.435973297916807 144.3515763108126 29.475703738578027 -0.006411390438839627 -0.5329707974470365 0.22299755976431346 2.4797395493587935 -0.9189961168916287 0.7119384241385297
147.9703137778026 4.0 1.0 10.089123571420819 141.73003369519637 41.304005784190764 -0.0022798030628372254 -0.5300302082776114 0.2225118350605407 2.4798545796063824 -0.9188451311588943 0.7117985525377227
148.2207339905123 5.0 7.0 8.577035931930581 144.91525270758646 29.923067556735127 -0.00570941255099304 -0.5347269694681571 0.22425480351935292 2.479865420027728 -0.91874409838706 0.7118235259283668
148.30734983937225 3.0 5.0 9.928072820267063 145.23735350549182 28.330452399745255 -0.00569959910444464 -0.5322962103365739 0.22280685785685014 2.4798332211485854 -0.9188105506064359 0.7118283011900551
148.56649213297587 3.0 2.0 9.442759703573746 140.04795173533984 48.676566113624595 -0.003635746134166999 -0.5301558875594914 0.22217713034504138 2.479966110299256 -0.918988543946084 0.7119465290765866
148.73941823368517 3.0 1.0 8.997557353542051 133.21225687043903 65.5511488659734 -0.00299548163024433 -0.5294196220504485 0.2221581719803374 2.4797729204607757 -0.9188703332815732 0.7119864721345085
149.16082070706074 4.0 4.0 8.261720133458983 141.1216210722645 47.59603429253854 -0.003934782094542746 -0.532737963510696 0.2221631360185295 2.479882120249852 -0.918863684149266 0.7117734644900474
149.53394796935632 2.0 1.0 7.903829364178406 133.7490915519928 66.40114144877907 -0.003657015918958083 -0.5289427370757783 0.22153490676453919 2.4798213657119867 -0.9189206341567445 0.7118251007859
149.81356702894837 2.0 5.0 9.230186222724036 138.2137666105158 57.06017216557364 -0.006391002945352622 -0.5317634051336347 0.22222441874898563 2.47986702417431 -0.9190203441161093 0.7119749361075236
149.82404053644424 1.0 3.0 7.662253097413757 138.35692252306504 56.97275656034066 -0.005595751646956658 -0.5299528824914367 0.221141228339049 2.479914129902677 -0.9190075670765262 0.712073938606299
150.07842097466903 2.0 2.0 7.06278607375305 139.10849106290422 55.87913035586966 -0.004302951685648954 -0.5297055784940435 0.22162326284724315 2.4798369684029473 -0.919078406006238 0.7120092672365578
150.26103711363663 2.0 3.0 8.753819948456185 137.23851695450702 60.558561532645335 -0.004977824054784898 -0.5303787513115202 0.22193478845602277 2.4798492340223635 -0.9187830267653375 0.7119428066712132
150.36375099206654 3.0 3.0 8.729139425485464 138.9742823952022 56.738069847618384 -0.004384196004779607 -0.5308711320182531 0.22239907033449885 2.4799064074211055 -0.9190695478332336 0.7117765434488891
152.4456698239282 3.0 4.0 9.031185302428238 140.64741711550192 58.107004731248594 -0.004656998613142317 -0.532118847838115 0.22173402362200495 2.479900293589604 -0.9189633248850705 0.7119499452202908
158.095673527552 2.0 4.0 8.539085482698372 138.86691546100155 75.08199383072167 -0.005521761953791442 -0.5312438810896789 0.22174215691114535 2.479908520607995 -0.9188988012280189 0.7120670732305795
