# Mag       Xrel    Yrel  Bx      By        Bz      x         y        z        rx       ry       rz
  131.49    -20    -20     6.30   121.44    48.17   0.0180  -0.5920   0.2350   2.9280  -1.0700   0.1790
  136.01    -20    -15     6.82   121.41    60.33   0.0180  -0.5920   0.2350   2.9280  -1.0700   0.1790
  133.54    -20    -10     6.74   122.80    49.65   0.0180  -0.5920   0.2350   2.9280  -1.0700   0.1790
  132.34    -20     -5     6.13   123.88    44.67   0.0064  -0.5756   0.2293   2.9279  -1.0701   0.1790
  118.74    -20      0     4.68   109.57    41.84   0.0033  -0.5794   0.2287   2.9280  -1.0700   0.1791
  113.31    -20      5     5.57   106.72    35.16   0.0001  -0.5833   0.2275   2.9277  -1.0700   0.1790
  106.00    -20     10     4.86   101.00    29.62  -0.0032  -0.5871   0.2285   2.9278  -1.0699   0.1790
  104.48    -20     15     5.43    94.41    42.64  -0.0064  -0.5909   0.2284   2.9280  -1.0700   0.1790
   97.08    -20     20     4.80    91.45    29.30  -0.0096  -0.5947   0.2282   2.9280  -1.0698   0.1791
  137.27    -15    -20     6.82   125.43    53.15   0.0180  -0.5920   0.2350   2.9280  -1.0700   0.1790
  138.54    -15    -15     6.95   125.05    57.45   0.0180  -0.5920   0.2350   2.9280  -1.0700   0.1790
  133.35    -15    -10     6.29   126.35    40.37   0.0180  -0.5920   0.2350   2.9280  -1.0700   0.1790
  135.10    -15     -5     6.83   126.21    45.28   0.0180  -0.5920   0.2350   2.9280  -1.0700   0.1790
  129.99    -15      0     6.25   117.70    53.06   0.0070  -0.5826   0.2294   2.9279  -1.0699   0.1791
  131.07    -15      5     6.09   122.22    44.35   0.0180  -0.5920   0.2350   2.9280  -1.0700   0.1790
  133.27    -15     10     6.78   123.80    45.80   0.0180  -0.5920   0.2350   2.9280  -1.0700   0.1790
  131.42    -15     15     6.38   117.05    59.08   0.0180  -0.5920   0.2350   2.9280  -1.0700   0.1790
  119.04    -15     20     5.98   115.72    26.81   0.0180  -0.5920   0.2350   2.9280  -1.0700   0.1790
  137.14    -10    -20     7.13   127.71    47.01   0.0180  -0.5920   0.2350   2.9280  -1.0700   0.1790
  137.57    -10    -15     6.68   129.96    42.65   0.0204  -0.5743   0.2311   2.9280  -1.0698   0.1791
  139.09    -10    -10     7.63   125.74    55.38   0.0245  -0.5844   0.2344   2.9280  -1.0699   0.1791
  143.15    -10     -5     7.21   130.16    56.91   0.0140  -0.5819   0.2303   2.9280  -1.0700   0.1790
  137.20    -10      0     6.67   128.74    44.82   0.0245  -0.5844   0.2344   2.9280  -1.0699   0.1791
  134.15    -10      5     6.29   119.87    58.68   0.0076  -0.5897   0.2297   2.9280  -1.0699   0.1790
  130.12    -10     10     6.49   123.68    38.52   0.0180  -0.5920   0.2350   2.9280  -1.0700   0.1790
  131.68    -10     15     6.32   119.93    51.95   0.0180  -0.5920   0.2350   2.9280  -1.0700   0.1790
  130.49    -10     20     6.76   119.58    49.99   0.0180  -0.5920   0.2350   2.9280  -1.0700   0.1790
  136.03     -5    -20     7.51   128.05    42.25   0.0274  -0.5737   0.2315   2.9279  -1.0700   0.1790
  143.51     -5    -15     7.58   130.81    55.99   0.0180  -0.5920   0.2350   2.9280  -1.0700   0.1790
  143.22     -5    -10     7.85   136.11    42.21   0.0210  -0.5814   0.2311   2.9279  -1.0700   0.1791
  147.81     -5     -5     8.25   135.88    53.43   0.0178  -0.5852   0.2309   2.9279  -1.0700   0.1791
  160.86     -5     -4     8.48   152.21    50.30   0.0195  -0.5892   0.2314   2.9281  -1.0702   0.1789
  155.85     -5     -3     7.35   146.97    49.20   0.0195  -0.5892   0.2314   2.9281  -1.0702   0.1789
  140.39     -5     -2     7.07   133.28    40.97   0.0164  -0.5880   0.2328   2.9280  -1.0700   0.1791
  155.66     -5     -1     8.31   148.51    44.72   0.0152  -0.5882   0.2309   2.9280  -1.0700   0.1789
  139.38     -5      0     8.82   130.22    45.72   0.0245  -0.5844   0.2344   2.9280  -1.0699   0.1791
  163.94     -5      1     8.99   151.38    58.60   0.0139  -0.5897   0.2308   2.9280  -1.0702   0.1790
  148.11     -5      2     6.65   137.83    51.96   0.0127  -0.5913   0.2308   2.9279  -1.0701   0.1791
  154.38     -5      3     7.73   143.24    55.14   0.0127  -0.5913   0.2308   2.9279  -1.0701   0.1791
  153.77     -5      4     8.14   143.89    52.28   0.0120  -0.5920   0.2307   2.9280  -1.0700   0.1789
  141.45     -5      5     7.18   128.67    56.51   0.0180  -0.5920   0.2350   2.9280  -1.0700   0.1790
  134.02     -5     10     7.02   126.69    41.52   0.0180  -0.5920   0.2350   2.9280  -1.0700   0.1790
  131.19     -5     15     6.99   124.14    38.68   0.0050  -0.6005   0.2303   2.9279  -1.0699   0.1790
  129.99     -5     20     6.38   117.73    52.52   0.0017  -0.6043   0.2301   2.9279  -1.0701   0.1790
  159.20     -4     -5     8.52   149.79    51.41   0.0195  -0.5892   0.2314   2.9281  -1.0702   0.1789
  156.66     -4     -4     7.83   147.06    51.24   0.0179  -0.5866   0.2310   2.9280  -1.0701   0.1790
  160.04     -4     -3     8.18   146.98    58.72   0.0195  -0.5892   0.2314   2.9281  -1.0702   0.1789
  155.54     -4     -2     7.45   144.83    54.28   0.0164  -0.5880   0.2328   2.9280  -1.0700   0.1791
  146.06     -4     -1     8.64   138.24    44.69   0.0160  -0.5889   0.2309   2.9279  -1.0701   0.1790
  164.67     -4      0     9.53   155.58    51.42   0.0153  -0.5896   0.2308   2.9280  -1.0701   0.1790
  163.07     -4      1     8.44   148.86    62.77   0.0146  -0.5905   0.2309   2.9277  -1.0701   0.1790
  152.06     -4      2     7.97   143.77    47.38   0.0127  -0.5913   0.2308   2.9279  -1.0701   0.1791
  156.05     -4      3     8.14   146.27    50.25   0.0127  -0.5913   0.2308   2.9279  -1.0701   0.1791
  148.54     -4      4     7.55   137.76    51.98   0.0127  -0.5927   0.2311   2.9279  -1.0700   0.1790
  148.14     -4      5     7.41   139.69    46.78   0.0127  -0.5913   0.2308   2.9279  -1.0701   0.1791
  159.89     -3     -5     8.41   147.95    57.23   0.0195  -0.5892   0.2314   2.9281  -1.0702   0.1789
  159.94     -3     -4     8.45   151.76    47.98   0.0195  -0.5892   0.2314   2.9281  -1.0702   0.1789
  160.05     -3     -3     8.32   149.55    54.85   0.0127  -0.5913   0.2308   2.9279  -1.0701   0.1791
  157.84     -3     -2     7.60   145.09    56.82   0.0174  -0.5887   0.2314   2.9281  -1.0699   0.1790
  152.52     -3     -1     7.35   143.19    50.70   0.0127  -0.5913   0.2308   2.9279  -1.0701   0.1791
  159.69     -3      0     8.44   147.74    58.28   0.0160  -0.5903   0.2311   2.9278  -1.0701   0.1790
  159.78     -3      1     8.30   151.71    47.66   0.0154  -0.5911   0.2313   2.9279  -1.0699   0.1790
  150.44     -3      2     8.03   142.36    46.30   0.0127  -0.5913   0.2308   2.9279  -1.0701   0.1791
  146.68     -3      3     8.23   139.32    42.25   0.0142  -0.5926   0.2309   2.9279  -1.0701   0.1791
  160.15     -3      4     8.13   148.72    57.07   0.0135  -0.5933   0.2309   2.9280  -1.0700   0.1790
  154.88     -3      5     6.55   144.17    54.62   0.0127  -0.5913   0.2308   2.9279  -1.0701   0.1791
  159.30     -2     -5     8.63   150.85    48.22   0.0195  -0.5892   0.2314   2.9281  -1.0702   0.1789
  149.78     -2     -4     7.65   141.03    48.10   0.0195  -0.5892   0.2314   2.9281  -1.0702   0.1789
  164.88     -2     -3     9.15   155.52    52.67   0.0195  -0.5892   0.2314   2.9281  -1.0702   0.1789
  158.52     -2     -2     7.70   147.76    54.34   0.0181  -0.5894   0.2314   2.9280  -1.0700   0.1789
  157.19     -2     -1     8.97   148.01    49.49   0.0175  -0.5902   0.2311   2.9279  -1.0699   0.1791
  158.32     -2      0     8.18   146.30    57.51   0.0167  -0.5909   0.2314   2.9280  -1.0701   0.1789
  154.41     -2      1     8.03   145.08    50.70   0.0162  -0.5917   0.2314   2.9279  -1.0700   0.1791
  157.80     -2      2     7.79   145.31    56.70   0.0127  -0.5913   0.2308   2.9279  -1.0701   0.1791
  156.40     -2      3     8.87   147.00    49.36   0.0164  -0.5945   0.2315   2.9280  -1.0700   0.1791
  155.58     -2      4     7.75   145.21    53.75   0.0164  -0.5945   0.2315   2.9280  -1.0700   0.1791
  147.71     -2      5     7.02   135.65    54.17   0.0127  -0.5913   0.2308   2.9279  -1.0701   0.1791
  162.08     -1     -5     8.35   150.87    56.74   0.0195  -0.5892   0.2314   2.9281  -1.0702   0.1789
  162.30     -1     -4     9.03   151.40    55.78   0.0195  -0.5892   0.2314   2.9281  -1.0702   0.1789
  158.82     -1     -3     8.11   150.37    48.66   0.0195  -0.5892   0.2314   2.9281  -1.0702   0.1789
  164.72     -1     -2     8.21   151.71    61.60   0.0189  -0.5901   0.2306   2.9278  -1.0700   0.1788
  153.55     -1     -1     7.95   143.28    52.25   0.0182  -0.5908   0.2314   2.9279  -1.0700   0.1790
  156.98     -1      0     8.07   146.02    53.93   0.0176  -0.5916   0.2310   2.9279  -1.0700   0.1789
  157.86     -1      1     7.60   146.02    57.41   0.0170  -0.5923   0.2313   2.9279  -1.0700   0.1790
  153.27     -1      2     7.71   143.71    50.28   0.0164  -0.5945   0.2315   2.9280  -1.0700   0.1791
  158.52     -1      3     8.10   146.79    55.95   0.0164  -0.5945   0.2315   2.9280  -1.0700   0.1791
  159.00     -1      4     8.20   148.36    54.87   0.0164  -0.5945   0.2315   2.9280  -1.0700   0.1791
  142.48     -1      5     7.16   134.27    44.97   0.0164  -0.5945   0.2315   2.9280  -1.0700   0.1791
  138.78      0    -20     8.29   131.57    40.09   0.0312  -0.5769   0.2322   2.9279  -1.0700   0.1790
  144.17      0    -15     8.02   134.05    48.91   0.0280  -0.5807   0.2319   2.9280  -1.0699   0.1791
  147.28      0    -10     7.65   136.14    53.36   0.0248  -0.5846   0.2317   2.9279  -1.0699   0.1790
  147.66      0     -5     7.34   135.58    55.34   0.0216  -0.5884   0.2317   2.9279  -1.0699   0.1790
  150.59      0     -4     8.58   139.24    53.49   0.0209  -0.5891   0.2319   2.9280  -1.0699   0.1790
  161.77      0     -3     9.04   153.18    49.45   0.0203  -0.5900   0.2313   2.9278  -1.0700   0.1790
  156.70      0     -2     8.93   148.44    47.09   0.0197  -0.5907   0.2312   2.9279  -1.0701   0.1790
  165.30      0     -1     8.75   151.59    62.50   0.0190  -0.5915   0.2313   2.9280  -1.0701   0.1790
  157.49      0      0     8.08   145.08    57.68   0.0198  -0.5921   0.2316   2.9280  -1.0699   0.1791
  152.97      0      1     8.20   144.32    47.65   0.0177  -0.5929   0.2315   2.9279  -1.0700   0.1790
  151.10      0      2     7.84   140.74    51.63   0.0170  -0.5938   0.2312   2.9278  -1.0701   0.1789
  153.49      0      3     8.65   143.70    51.25   0.0164  -0.5945   0.2315   2.9280  -1.0700   0.1791
  158.40      0      4     9.49   150.17    47.17   0.0164  -0.5945   0.2315   2.9280  -1.0700   0.1791
  148.89      0      5     7.01   132.20    67.97   0.0151  -0.5960   0.2315   2.9278  -1.0701   0.1789
  137.25      0     10     6.85   127.13    49.39   0.0119  -0.5999   0.2308   2.9280  -1.0700   0.1790
  129.11      0     15     6.79   125.75    28.26   0.0088  -0.6037   0.2309   2.9278  -1.0699   0.1791
  125.42      0     20     6.57   118.20    38.93   0.0056  -0.6075   0.2303   2.9279  -1.0699   0.1790
  148.54      1     -5     8.29   139.92    46.71   0.0198  -0.5921   0.2316   2.9280  -1.0699   0.1791
  148.43      1     -4     8.45   139.79    46.96   0.0198  -0.5921   0.2316   2.9280  -1.0699   0.1791
  153.25      1     -3     7.99   141.64    54.75   0.0198  -0.5921   0.2316   2.9280  -1.0699   0.1791
  154.29      1     -2     8.91   144.85    49.77   0.0198  -0.5921   0.2316   2.9280  -1.0699   0.1791
  153.48      1     -1     8.44   142.94    51.97   0.0198  -0.5921   0.2316   2.9280  -1.0699   0.1791
  166.85      1      0     9.00   154.75    60.34   0.0195  -0.5892   0.2314   2.9281  -1.0702   0.1789
  160.92      1      1     8.62   150.54    53.76   0.0195  -0.5892   0.2314   2.9281  -1.0702   0.1789
  165.54      1      2     7.95   153.53    60.06   0.0195  -0.5892   0.2314   2.9281  -1.0702   0.1789
  155.03      1      3     7.17   143.02    57.74   0.0172  -0.5951   0.2311   2.9280  -1.0701   0.1790
  147.30      1      4     7.47   137.02    51.22   0.0165  -0.5959   0.2313   2.9280  -1.0701   0.1790
  147.37      1      5     7.02   137.55    50.17   0.0159  -0.5967   0.2316   2.9279  -1.0700   0.1790
  158.93      2     -5     9.40   147.05    56.73   0.0198  -0.5921   0.2316   2.9280  -1.0699   0.1791
  147.76      2     -4     8.03   138.76    47.20   0.0198  -0.5921   0.2316   2.9280  -1.0699   0.1791
  154.98      2     -3     9.13   145.84    49.57   0.0198  -0.5921   0.2316   2.9280  -1.0699   0.1791
  149.74      2     -2     7.84   142.11    43.87   0.0198  -0.5921   0.2316   2.9280  -1.0699   0.1791
  153.38      2     -1     8.11   142.10    52.74   0.0198  -0.5921   0.2316   2.9280  -1.0699   0.1791
  164.68      2      0     8.36   153.06    58.50   0.0195  -0.5892   0.2314   2.9281  -1.0702   0.1789
  168.04      2      1     7.49   151.55    68.63   0.0195  -0.5892   0.2314   2.9281  -1.0702   0.1789
  163.81      2      2     8.74   152.04    59.17   0.0195  -0.5892   0.2314   2.9281  -1.0702   0.1789
  147.03      2      3     7.87   137.75    49.15   0.0179  -0.5958   0.2316   2.9280  -1.0700   0.1790
  145.06      2      4     7.40   135.77    49.38   0.0173  -0.5965   0.2317   2.9280  -1.0700   0.1790
  146.65      2      5     7.75   136.91    49.24   0.0167  -0.5973   0.2315   2.9280  -1.0700   0.1791
  156.66      3     -5     8.66   144.00    60.17   0.0198  -0.5921   0.2316   2.9280  -1.0699   0.1791
  149.31      3     -4     8.46   140.54    47.15   0.0198  -0.5921   0.2316   2.9280  -1.0699   0.1791
  149.18      3     -3     7.93   137.58    56.28   0.0198  -0.5921   0.2316   2.9280  -1.0699   0.1791
  157.91      3     -2     8.58   144.29    61.54   0.0198  -0.5921   0.2316   2.9280  -1.0699   0.1791
  154.23      3     -1     9.21   146.04    46.76   0.0198  -0.5921   0.2316   2.9280  -1.0699   0.1791
  163.02      3      0     8.83   149.23    63.49   0.0195  -0.5892   0.2314   2.9281  -1.0702   0.1789
  156.23      3      1     7.80   146.76    50.31   0.0195  -0.5892   0.2314   2.9281  -1.0702   0.1789
  152.86      3      2     8.27   145.67    43.88   0.0193  -0.5956   0.2317   2.9280  -1.0701   0.1790
  152.14      3      3     7.32   140.38    55.28   0.0187  -0.5964   0.2317   2.9280  -1.0700   0.1790
  152.26      3      4     7.48   141.81    52.22   0.0182  -0.5973   0.2308   2.9277  -1.0700   0.1789
  144.68      3      5     7.88   136.90    43.93   0.0175  -0.5979   0.2313   2.9281  -1.0701   0.1790
  153.77      4     -5     9.69   146.57    44.36   0.0198  -0.5921   0.2316   2.9280  -1.0699   0.1791
  157.16      4     -4     9.90   148.77    47.90   0.0198  -0.5921   0.2316   2.9280  -1.0699   0.1791
  150.80      4     -3     8.38   143.56    43.04   0.0198  -0.5921   0.2316   2.9280  -1.0699   0.1791
  144.62      4     -2     7.59   136.98    44.02   0.0198  -0.5921   0.2316   2.9280  -1.0699   0.1791
  148.86      4     -1     8.50   140.74    45.60   0.0198  -0.5921   0.2316   2.9280  -1.0699   0.1791
  158.65      4      0     8.59   147.26    54.74   0.0195  -0.5892   0.2314   2.9281  -1.0702   0.1789
  158.20      4      1     7.61   147.36    54.48   0.0195  -0.5892   0.2314   2.9281  -1.0702   0.1789
  160.16      4      2     8.06   147.19    59.42   0.0201  -0.5963   0.2317   2.9278  -1.0699   0.1789
  156.79      4      3     9.09   147.08    51.95   0.0195  -0.5971   0.2316   2.9279  -1.0700   0.1790
  157.13      4      4     7.98   145.61    57.14   0.0188  -0.5978   0.2319   2.9280  -1.0699   0.1791
  144.07      4      5     7.65   136.07    44.63   0.0183  -0.5987   0.2308   2.9278  -1.0699   0.1789
  135.43      5    -20     8.24   127.72    42.91   0.0351  -0.5802   0.2322   2.9279  -1.0698   0.1791
  138.29      5    -15     8.59   132.76    36.26   0.0318  -0.5840   0.2322   2.9279  -1.0700   0.1789
  144.67      5    -10     8.02   135.62    46.86   0.0286  -0.5878   0.2323   2.9280  -1.0699   0.1791
  144.67      5     -5     7.63   134.98    48.52   0.0253  -0.5916   0.2325   2.9280  -1.0701   0.1791
  144.99      5     -4     8.10   138.16    41.38   0.0198  -0.5921   0.2316   2.9280  -1.0699   0.1791
  157.06      5     -3    10.29   150.40    43.46   0.0198  -0.5921   0.2316   2.9280  -1.0699   0.1791
  146.85      5     -2     7.66   138.68    45.75   0.0198  -0.5921   0.2316   2.9280  -1.0699   0.1791
  153.21      5     -1     8.53   144.05    48.21   0.0198  -0.5921   0.2316   2.9280  -1.0699   0.1791
  146.96      5      0     7.95   135.19    53.89   0.0221  -0.5954   0.2318   2.9280  -1.0701   0.1790
  153.85      5      1     7.88   144.01    51.69   0.0195  -0.5892   0.2314   2.9281  -1.0702   0.1789
  153.93      5      2     8.43   144.62    49.26   0.0208  -0.5970   0.2320   2.9277  -1.0700   0.1790
  152.02      5      3     8.47   143.22    48.22   0.0202  -0.5977   0.2317   2.9280  -1.0700   0.1790
  148.66      5      4     7.55   136.80    55.59   0.0196  -0.5985   0.2317   2.9280  -1.0699   0.1790
  143.19      5      5     7.47   133.13    48.72   0.0190  -0.5993   0.2315   2.9280  -1.0700   0.1789
  141.36      5     10     7.21   132.78    45.15   0.0157  -0.6031   0.2316   2.9278  -1.0700   0.1790
  138.12      5     15     7.00   128.34    47.48   0.0125  -0.6069   0.2313   2.9280  -1.0700   0.1790
  125.15      5     20     5.63   118.99    36.42   0.0125  -0.6069   0.2314   2.9279  -1.0701   0.1790
  132.90     10    -20     8.44   123.89    45.16   0.0388  -0.5833   0.2331   2.9279  -1.0700   0.1789
  132.49     10    -15     8.78   127.72    33.30   0.0356  -0.5871   0.2330   2.9280  -1.0701   0.1790
  140.04     10    -10     7.95   130.01    48.59   0.0125  -0.6069   0.2314   2.9279  -1.0701   0.1790
  142.69     10     -5     7.08   127.08    64.22   0.0125  -0.6069   0.2314   2.9279  -1.0701   0.1790
  144.80     10      0     8.47   133.67    52.59   0.0260  -0.5987   0.2322   2.9278  -1.0700   0.1790
  140.67     10      5     8.02   129.98    50.45   0.0228  -0.6025   0.2319   2.9280  -1.0699   0.1791
  136.18     10     10     7.22   130.74    36.15   0.0195  -0.6063   0.2321   2.9280  -1.0698   0.1790
  128.80     10     15     6.55   125.71    27.24   0.0163  -0.6101   0.2320   2.9280  -1.0701   0.1790
  127.04     10     20     6.69   122.66    30.41   0.0131  -0.6139   0.2317   2.9281  -1.0700   0.1790
  123.72     15    -20     8.58   117.54    36.81   0.0428  -0.5866   0.2321   2.9278  -1.0699   0.1791
  131.75     15    -15     8.45   123.00    44.25   0.0393  -0.5903   0.2336   2.9278  -1.0702   0.1790
  134.69     15    -10     8.22   126.98    42.13   0.0362  -0.5942   0.2334   2.9280  -1.0700   0.1791
  136.92     15     -5     7.35   127.10    47.85   0.0330  -0.5980   0.2332   2.9280  -1.0699   0.1790
  137.09     15      0     7.01   129.90    40.78   0.0125  -0.6069   0.2314   2.9279  -1.0701   0.1790
  136.84     15      5     7.48   129.82    39.76   0.0265  -0.6057   0.2329   2.9279  -1.0702   0.1789
  134.12     15     10     7.15   127.94    38.42   0.0234  -0.6095   0.2327   2.9279  -1.0700   0.1789
  130.67     15     15     7.33   120.75    46.39   0.0201  -0.6133   0.2324   2.9279  -1.0700   0.1790
  131.72     15     20     7.08   126.47    33.70   0.0169  -0.6171   0.2324   2.9280  -1.0701   0.1790
  112.77     20    -20     8.12   105.19    38.89   0.0464  -0.5897   0.2342   2.9279  -1.0700   0.1790
  127.93     20    -15     8.05   119.26    42.73   0.0432  -0.5936   0.2341   2.9279  -1.0700   0.1789
  129.51     20    -10     8.19   121.37    41.83   0.0400  -0.5974   0.2338   2.9280  -1.0700   0.1791
  133.99     20     -5     7.61   122.39    53.12   0.0368  -0.6013   0.2330   2.9278  -1.0699   0.1790
  130.88     20      0     7.45   121.65    45.08   0.0335  -0.6050   0.2337   2.9280  -1.0700   0.1789
  125.69     20      5     7.14   121.83    29.67   0.0303  -0.6088   0.2337   2.9280  -1.0700   0.1790
  128.83     20     10     7.16   123.14    35.41   0.0271  -0.6127   0.2335   2.9280  -1.0700   0.1790
  125.88     20     15     6.26   119.56    36.52   0.0239  -0.6165   0.2331   2.9280  -1.0701   0.1789
  120.70     20     20     5.62   112.93    41.17   0.0207  -0.6204   0.2326   2.9279  -1.0701   0.1790
